232.86
192.93
124.73
77.27
45.13
28.87
17.52
10.94
7.66
4.25
3.09
1.63
228.46
166.62
108.56
66.05
41.43
25.38
15.39
9.63
5.98
3.86
2.44
1.57
198.36
147.39
94.79
58.12
35.20
21.00
12.75
7.46
4.84
3.16
2.02
1.26
167.07
120.42
76.73
47.25
28.70
15.97
9.86
5.90
3.83
2.37
1.39
0.91
133.13
85.03
57.41
34.35
19.22
12.23
6.08
3.81
2.47
1.67
0.74
0.58
69.99
56.37
37.99
27.93
16.99
12.29
9.05
6.12
4.17
2.90
2.09
1.39
61.15
47.89
34.38
23.18
15.74
10.14
6.84
4.85
3.38
2.38
1.68
1.24
51.47
39.58
28.42
19.18
12.33
7.77
5.24
3.60
2.52
1.66
1.22
0.76
37.86
29.92
21.25
14.62
8.91
5.75
3.56
2.53
1.63
1.07
0.78
0.61
24.04
19.49
12.89
7.94
4.83
3.41
2.09
1.50
0.87
0.65
0.41
0.29
5.80
3.96
2.38
1.46
0.91
0.62
0.42
0.29
0.23
0.16
0.13
0.09
3.53
2.36
1.41
0.82
0.53
0.35
0.25
0.18
0.14
0.11
0.13
0.07
2.86
1.90
1.09
0.65
0.43
0.30
0.22
0.16
0.13
0.10
0.08
0.06
2.19
1.49
0.93
0.44
0.39
0.27
0.20
0.15
0.12
0.09
0.07
0.05
1.99
1.42
1.00
0.66
0.47
0.32
0.21
0.16
0.11
0.10
0.06
0.06
1.94
1.45
1.00
0.72
0.49
0.37
0.29
0.22
0.16
0.13
0.11
0.08
1.14
0.83
0.58
0.40
0.29
0.21
0.16
0.13
0.11
0.09
0.07
0.06
0.97
0.70
0.48
0.34
0.24
0.18
0.14
0.11
0.09
0.08
0.06
0.05
0.87
0.64
0.45
0.24
0.22
0.17
0.13
0.10
0.08
0.06
0.05
0.04
0.94
0.70
0.50
0.35
0.25
0.18
0.13
0.10
0.06
0.06
0.05
0.04
