182559
181955
182559
181969
182425
183119
181925
182425
181925
183119
183108
182730
182425
182440
183124
182915
183119
182425
182530
181925
183108
183119
181969
182730
181955
183108
182440
181925
183119
181925
184705
184767
182525
183049
182420
182525
182699
183049
185405
184941
184948
184997
183049
182400
182420
183049
182420
182513
182699
182400
182699
184997
184941
184997
181967
182506
181924
183030
181924
182882
182558
182389
183038
182711
181924
182859
182389
183030
182859
182389
182859
184765
185000
185604
184765
185604
185000
185604
185000
184765
182921
182926
182714
182843
182908
182714
182565
182827
182932
181991
182565
182844
182511
183160
181805
182843
183133
183051
181994
182832
182471
181806
181994
181806
183127
181806
182832
182471
183147
182471
182832
184940
185010
184940
185335
185010
184914
185446
185335
185446
185159
183132
182840
183132
181831
182909
183132
182909
182840
184971
185593
184823
185593
184971
182909
182922
183132
182922
182523
184823
184971
183152
182424
183152
182424
183152
182424
183152
182424
183152
182424
183152
182424
183152
182424
183152
182424
183152
182424
183152
185402
181999
182867
181999
181966
182695
182572
182695
183158
182695
182572
181966
181921
183158
181921
185099
182572
183158
182442
181809
185332
185451
185332
185416
185332
181809
185416
184848
184905
185332
185416
184848
185451
185332
182983
183044
182906
182931
182013
182463
182156
182619
182992
182742
182977
182742
183044
183122
182619
182992
182931
182728
182931
182742
182728
182983
182616
182463
182854
183130
182551
182459
182438
182916
183046
183162
182438
183130
182438
182459
183162
183130
183046
183130
183162
183130
185434
185417
182815
182495
182917
182466
182437
182995
182917
182815
182519
182495
182519
182826
182923
182917
182815
182923
182466
182923
182495
182519
182437
182917
182515
181820
182918
182975
182622
181964
182622
182560
181964
182610
182824
183042
182933
182824
182528
182912
182591
182000
182981
182739
181980
182518
182981
182623
182981
182623
181980
185256
182834
183047
182834
182816
183047
182816
184849
184713
184937
184850
184849
184937
184850
184849
184937
184713
185070
184937
184850
182816
182834
183161
182487
182904
182490
182433
182707
182433
181993
182569
182904
182569
182904
181993
182569
185418
184945
185209
185418
184972
185331
184972
185331
183045
182546
182520
181832
182546
182673
181832
182564
182653
182612
183045
182612
181814
182877
182564
182612
182520
182612
181814
182653
182628
182546
182673
182628
181832
182877
183045
182598
182533
182564
181992
182838
181992
181997
182435
182553
182913
182553
182396
181992
182621
181822
181997
182627
181997
182838
181822
182435
181822
182621
181997
182553
182838
184688
185319
184688
185319
184688
185003
185595
184688
185550
184690
182676
183144
182836
182404
182568
182651
182550
182676
182626
183144
183026
182532
182651
182676
183026
182676
182532
182676
182568
182626
181989
184711
184704
184711
182704
181989
184704
185525
185586
182606
182152
182606
185586
182606
182152
182609
185404
182609
185404
182609
185404
182833
185016
185017
184932
182833
185016
185017
185016
185021
185016
185017
185021
185017
184932
182833
182150
182833
185017
184932
185017
185016
185017
184932
185016
184932
185016
182599
184729
185599
182599
182509
185599
184729
185599
182599
182509
185599
184729
185599
182599
182509
182599
185599
184729
185599
182509
182599
182509
182599
182509
185599
182509
182625
183125
182625
183125
182625
183125
182625
184935
183125
182856
184725
182856
184844
185524
184933
185524
184933
185524
185380
185199
185380
185199
185380
185199
185380
185199
185380
185199
185380
185199
185380
185103
182829
182927
182708
183118
182927
182447
182708
182927
182439
182447
182392
182647
182163
182647
182402
182927
182647
182392
182708
182829
182647
184841
184920
185510
184920
185006
184701
185510
183154
184911
183154
184911
183154
184911
183154
184911
182731
185333
185557
182924
185333
185557
185122
185333
185557
182731
182924
182731
182924
182731
182924
185124
185557
185333
185557
182924
182731
185333
185557
185333
185124
182731
182924
185108
185557
185333
182924
182729
182868
181823
185412
185477
185412
185477
181823
182729
185120
185412
185120
185477
184977
185412
185120
184977
181823
182147
185120
184977
185412
185477
185412
185120
185412
185120
185477
182768
185486
185253
182768
183157
182768
185486
185253
185486
183157
182768
185486
185253
185486
183157
182768
183157
185486
185253
185486
185253
182768
183157
183039
182994
185589
182994
183039
182994
183039
182994
185589
182994
183039
182994
183039
182994
183039
182994
183039
185589
183039
182994
183039
182994
183039
182994
183039
182994
185589
182994
181962
182830
182393
181987
183043
182427
182691
182987
182427
183110
182611
182596
181837
182443
183043
183110
182446
183113
181988
183110
181988
182713
183036
182607
182611
183110
182990
182395
182990
182842
182165
182990
185520
185320
184727
185520
185019
185520
185019
184822
182990
182165
182608
182990
182842
182165
182990
184822
185320
184822
185520
185320
185019
184822
183143
182165
181835
181998
185606
181998
181835
181998
185606
181998
181835
185606
181998
185606
181998
181835
185606
181998
185606
181998
185606
181998
185606
182988
183041
182988
183041
182988
183041
182988
183041
182988
183041
182988
183041
182988
183041
182988
181990
182743
183155
183134
182743
182462
181820
181834
182735
182615
182644
182401
183104
182515
182560
182986
182928
182930
183104
182622
182735
182743
182622
182928
182560
182644
181838
182644
183104
181964
182743
183104
181838
185325
185117
184944
185117
185516
185411
184975
182434
185020
182434
185115
185020
185115
182434
185020
185115
182434
185020
182434
185020
182434
182527
185207
182527
185207
182527
182831
185207
182527
182831
182527
185207
183123
182825
183123
182825
185419
182825
183123
182825
185419
183123
182825
183123
185419
182825
183123
182825
185419
183123
185419
182825
183123
185419
182825
183123
182825
182567
183129
182567
183129
182567
183129
182567
183129
182567
183129
182567
183129
182153
182603
182153
182001
182153
182603
182153
182603
182153
182603
182001
182767
182153
182001
182153
182603
182767
182431
182933
182764
182914
182573
182591
182595
182528
182740
183042
182764
182881
182914
182573
182701
183141
182991
182610
182595
182991
183042
182881
182912
182914
182933
182701
183141
182610
182881
182528
183141
183042
182697
182914
182431
183141
183137
182810
183137
182810
183137
182810
183137
182810
183137
182810
183137
182810
183137
182810
183137
182810
183137
182810
183137
182810
183137
182810
183137
182810
183137
181826
183036
181811
181826
182691
182446
183034
182893
181837
182464
182393
183110
182446
183120
182446
182607
183110
181826
182920
183150
182987
181826
182710
183150
181988
182703
181988
181813
185125
184772
185125
184772
185125
184772
182926
182932
182822
182827
183133
182575
182818
182860
181816
183133
182822
182901
182844
182901
182926
182511
182828
182921
182844
182828
182565
181816
182844
182901
182818
181827
185485
185515
185444
185146
185244
185074
185388
184922
184909
185515
185146
185515
184922
185485
182725
185601
182725
185601
182725
185601
182725
185601
182725
185601
182725
185601
182725
185601
182725
185601
182919
182463
182919
182906
182742
182013
181817
183122
182992
183044
182156
182619
182616
182854
182983
182978
182906
182616
182978
183044
182992
183044
182983
183044
181817
182906
185407
184819
185498
185449
183153
183141
182875
181828
182548
182624
181824
182624
183141
182524
182591
182881
182914
182166
181828
183114
182610
182933
181828
182573
185196
185062
184760
184947
185410
184923
185553
184929
185062
185523
184942
185596
184857
182920
182443
183117
183113
183034
181996
182691
182607
181988
183034
182713
183034
183150
185438
184925
184691
185415
185201
185513
185061
185154
185061
184853
185321
184714
185061
185415
184925
185443
184856
184974
185128
184691
185443
185061
185128
184927
185438
185443
185389
182626
182404
182532
182651
182550
184926
185384
184976
185472
185004
184926
184946
185384
184924
185384
185247
184692
185384
184946
185241
182651
182404
182676
182657
182696
182651
182877
184696
185526
185313
185611
185313
185611
185005
185081
185526
185005
184766
185413
184962
184766
185005
183045
182736
182877
182546
182598
184949
185250
184821
185397
185487
185482
185447
185254
185255
185323
184683
185250
185254
185250
185447
184821
185447
185323
184949
182995
182495
182917
182826
182917
182466
182529
182495
185078
185109
185203
185109
185411
185607
184938
185607
185516
185437
184944
185437
185411
184938
185411
184975
184944
185117
185516
185411
185437
185607
185325
185607
185109
185411
184975
184938
184970
185598
185326
185598
185434
185471
185054
185471
185434
185326
185584
184773
185417
184939
185598
185326
185054
184939
185598
182438
182551
182459
182551
183046
182916
183046
182459
185450
185414
185257
185249
184819
185414
184764
185414
184764
185449
185059
185414
185450
185324
184819
185059
185449
185324
185414
184763
185249
184764
184819
185249
182992
182906
185474
185201
185389
185549
184974
185442
185061
185438
184927
185443
185154
185321
185442
185321
184691
185442
185061
185018
185201
184916
184691
185442
185443
185442
184974
185321
185018
185085
185018
185501
185546
185549
184714
184710
184927
184916
185474
184927
185018
184714
184859
184816
184767
184705
184684
185387
185479
185387
182730
182709
182530
182440
182530
181925
183108
182440
183119
183108
182440
181955
182440
181969
182425
183124
183119
181925
182440
181955
182730
182709
185074
185515
185522
185485
185146
185336
185515
185485
185244
185146
185074
185244
185388
184909
184922
185515
182844
182843
182932
181816
181827
185596
185193
185062
184703
184923
185410
185083
185327
184929
185596
185080
185083
184947
185063
184857
185083
184703
185063
185445
184708
185083
184923
185063
184703
184857
185063
185410
184942
185210
185318
184688
185319
185160
182838
182553
182621
182594
182553
182435
182913
182553
182435
182396
181822
181992
182627
182553
182621
182396
182621
181992
182435
181822
182396
184688
185550
185595
185160
185210
185319
185318
184688
182703
182893
182973
181811
182830
182596
181986
181987
181996
183126
181801
183110
182973
182920
183134
182715
182615
182930
182515
181838
182401
182986
182445
182975
183134
182715
182930
182615
182928
182975
182735
182930
182560
182401
182515
182743
182975
182462
182743
182933
183114
182875
182824
182875
182595
181824
183153
182697
182610
183153
182991
182573
183042
182881
182591
182914
183153
183114
182573
182904
182487
182707
183048
182707
182433
182490
182433
182904
182433
183033
181993
182707
182904
183161
182904
182707
182569
182487
182904
181993
182490
185418
184972
185209
184945
185209
185418
184945
185331
184972
185209
182707
182490
182569
182829
182927
182708
182647
182708
182392
182402
182708
182402
182829
182647
182439
182927
182647
183118
182439
182829
182402
182927
183118
184701
185510
184701
185510
181994
182832
182471
183147
182832
183147
182471
183127
181994
183147
182155
183127
183147
181994
183127
182694
181994
183051
183127
181806
183051
185159
185436
184914
185159
185436
185446
184914
185335
185159
184940
182981
182518
182739
182981
182623
182739
182981
181980
182623
182739
181980
185256
182739
182623
182981
182158
182859
183030
181839
182506
183038
182711
182882
182711
183038
182506
181967
182506
182882
183038
181967
182711
181839
183030
185000
184765
185000
185610
182558
182711
182389
182558
182506
181967
182859
182389
182859
182742
182616
182728
183044
182463
182854
182919
182992
182728
182616
182983
181817
182728
182977
182919
182463
182156
182619
182906
183044
182428
182619
182616
182463
182428
182931
182428
181966
182572
182695
181921
182442
182572
181966
182572
182442
181966
183158
182572
181921
181966
182695
181966
181921
181966
181921
183158
185099
182926
182511
181816
182843
182714
181805
181816
182901
182565
182827
183133
182828
182822
182714
182843
183160
182926
182901
182565
182932
182921
182827
182828
182827
184706
185146
185336
185444
185074
185388
185485
185444
185074
185388
182830
181813
183113
182703
183117
182464
182427
181996
183126
182893
181811
183043
181811
182563
181988
182446
182830
182464
181813
181811
183126
181996
181988
183110
181986
182893
183120
183036
183120
181801
181811
181987
183026
182404
182550
182526
182532
182526
182532
183144
182532
182651
182696
182568
182626
182550
182696
182705
184976
185384
185247
184926
184946
185472
185247
184946
185247
185472
184976
185384
185123
185247
185241
184976
184946
182736
182546
182564
182520
182736
182877
182546
182520
181814
182520
182612
182628
182653
183045
182520
181814
182673
182520
182673
182877
182470
183045
185015
185313
185526
185413
185313
185413
185005
185611
185313
184696
185015
184766
185015
182991
182875
182912
182740
182819
183141
182524
182522
183042
182548
182912
182000
181828
183141
182000
182431
182610
181828
182000
182591
181828
182000
182561
182824
182991
182914
182701
182881
182431
182819
182591
182610
183141
182595
182159
182834
183047
182816
182159
182816
182834
184713
184850
184849
185070
184713
184849
184850
184713
184937
185066
184850
184713
184937
182816
183047
182159
182816
183047
182159
183047
182834
182816
182437
182917
182529
182466
182917
182712
182437
182466
182712
182519
182466
182995
182437
182826
182529
184683
185397
185447
184949
185482
184821
185440
185150
184949
185150
185323
184821
185447
185255
185440
185482
184821
185254
182551
183159
183046
182916
183130
183162
185054
185527
185584
185434
184931
185011
184939
185471
185434
185054
184970
185471
184773
185581
185598
184939
185471
182438
183046
183159
182615
182560
182918
181820
182975
183155
183104
182930
183155
182975
182660
182928
182715
182560
182918
182928
182918
182986
182743
185117
184938
185117
185607
185411
185481
184907
185607
185411
185516
184938
185109
185203
185516
185117
184975
185437
185516
184846
185607
184938
185437
182563
182893
181811
182830
181813
182464
182830
182920
183150
182920
183150
183043
182563
183043
181811
183110
181837
181996
182596
182427
182987
181801
182393
183117
181826
183117
181826
182713
181986
181988
184859
184927
185085
185322
182983
182428
182906
182983
182992
182619
181817
182977
182616
182906
183122
182906
182619
182992
181817
183122
185249
185407
185257
185096
185059
184763
184764
185407
184819
185059
185450
184965
185478
185450
185449
185407
185449
182740
182764
182991
182881
182522
181824
182697
182431
182548
182624
181824
182573
182740
182701
182764
182872
182881
182548
185083
184929
185062
184760
184929
184708
185445
184857
185327
184942
184929
185193
184708
184857
185410
185327
184923
185013
184929
185062
185410
185596
184942
185062
184845
183108
182425
182440
182559
182530
181969
185479
184767
185387
184816
185479
185387
184767
184705
184684
185387
182709
182425
183124
182559
182440
182709
183108
182530
182440
183124
183108
181925
182559
181925
185546
185438
185381
184714
185381
185079
185154
185474
185322
185438
185549
185402
184925
184691
185513
185452
185415
185438
185061
185415
185513
185322
184927
185513
184927
185121
185322
184691
185381
185513
184925
184691
185546
185018
185452
185154
185443
184927
185513
184974
185513
185201
185121
185201
185208
185321
185061
185474
184925
184974
185450
185324
185414
185096
185414
185324
184965
185450
184819
184763
185449
185324
185257
185059
184763
185449
184764
184763
185059
184763
184819
185407
183044
182619
183044
182616
182156
182463
182742
185444
185522
185515
184909
185244
185515
184909
184922
185388
184922
182828
182843
182714
182873
182932
182844
182921
183160
181816
184947
184923
185193
185083
184703
185410
184947
184942
184845
185062
184708
184942
185327
182740
182000
181824
182819
182510
182872
185405
184941
184948
184997
182525
182420
182699
182525
182420
182400
182699
182525
182513
182699
182525
182699
182400
182525
184941
184997
184948
184997
185405
184948
182420
182525
182420
183049
182699
182400
182420
185006
182447
182829
182402
182927
182392
182163
183118
182439
182829
182402
182647
182925
183118
182402
182647
184920
185006
185510
185098
184701
185510
184841
182829
185247
184926
184976
182626
183144
182696
183144
182532
182657
182404
182657
182676
182568
182657
183026
182526
182676
183144
182696
182404
182676
182550
182657
182676
182526
184974
184859
184927
184916
182563
182427
182607
183043
183113
181837
183128
182973
182464
181988
184688
182553
181992
182435
182396
182435
182621
182435
181997
181822
182396
181822
181997
182838
182553
182838
182621
182913
182396
182594
182435
185319
185160
184688
185319
185210
184688
185160
185210
184688
182704
181833
184711
185329
184711
184704
184711
181833
181989
184704
183147
183051
183127
182694
183051
181994
183051
183147
183051
183127
181806
182694
182832
185436
185446
185436
185335
184940
185248
185436
184940
185335
185436
185446
185248
185335
185159
183104
183155
182930
181838
181818
182735
181964
182975
182462
182735
181838
182445
181964
181809
185451
185416
185332
181809
185451
185416
185451
185416
185451
182598
182473
182546
182564
182673
181832
182564
182653
183045
182546
182520
182546
181814
182612
182564
182877
182564
182736
182564
182470
182673
182546
182736
182470
184962
185052
184766
184696
185413
185015
184766
182922
183132
182922
181831
182922
182909
184971
185593
184971
185593
185330
184823
185593
184971
183132
181831
182909
182922
182840
182922
182909
182840
182922
184971
185593
184971
185593
184971
182826
182519
182466
182923
182519
182995
182917
182826
182923
182712
182495
182466
182815
182437
182466
182529
182466
182712
182815
182826
182712
182995
182519
182826
182923
182437
182917
182815
182519
182923
182437
182991
182624
182991
182548
181828
182991
182510
182991
182431
182595
182875
183042
181824
182548
182933
182875
182573
182595
182991
182431
182824
181828
182624
183114
182000
182166
182991
182872
182591
182701
182764
182875
182824
182166
182881
182842
182165
182842
182165
183107
182165
182990
184822
185019
185320
185520
185019
185554
184822
185520
185320
184822
185320
184727
185019
182165
182990
182165
182842
182165
184727
184822
185243
184822
185520
185019
181986
183036
181813
182393
181987
182607
183110
183150
181962
183120
181801
183117
182920
183120
183117
182393
181996
181988
182893
182443
182703
183110
182973
182596
182920
182393
182443
183117
183126
183117
181826
182611
182464
181987
182563
181837
182563
182446
182463
182013
182428
182919
182742
182906
182931
182978
182983
182619
182428
182919
182728
182619
182978
182854
182616
182728
182931
181817
182992
182919
182992
182616
182728
182916
183130
182551
183130
182459
182916
183159
183162
183159
183046
182459
183159
182916
183162
182916
183162
182916
183162
183130
185544
185326
185417
185471
185434
185326
184773
185434
185598
184939
185598
185471
184939
185434
182490
183048
183161
182487
182433
181993
182433
182490
182707
182569
182904
183161
182569
181993
182487
181993
184936
185331
184936
184972
185331
185209
185418
184945
185331
185209
184945
185209
182707
182569
183161
181993
182904
182490
182707
182711
183038
181924
181967
183038
183030
181839
182711
182506
182859
182882
182506
182558
182711
182882
183030
183038
182711
185000
184765
185604
184765
182882
181839
181967
182558
183038
181839
182506
183038
181967
183030
182711
182714
182901
182921
181991
182511
182714
182827
183133
183160
182843
182827
181805
183133
182511
181816
182921
182844
181991
182714
182827
182714
182828
181805
182908
182921
182828
182926
182827
182926
182818
182565
185074
185244
182735
182462
182735
182401
181838
182462
181838
181818
182928
182615
181838
182975
182445
182622
183134
182560
182735
181838
182622
182743
182735
183104
182918
183134
181820
183104
182928
181820
181818
185077
185437
185109
185203
185437
184975
185516
184944
182920
182893
183043
181837
181988
181801
181837
182713
182457
181811
181996
182611
182596
181811
181987
182446
183110
183043
182563
182713
183110
181986
182710
183034
182607
182703
183113
181813
181986
183036
182703
183036
182425
182559
182530
182559
182530
182730
181969
182709
181955
182730
181925
182425
185387
185479
184816
185387
184767
182709
182425
181969
182440
182425
182709
182425
183108
182425
183108
181925
181969
181925
181969
183124
183042
182510
182548
182819
182740
181824
181828
182701
182764
181828
182431
182524
181824
182561
183141
182000
182544
182624
182697
182819
182881
185013
185080
184857
185401
185420
184857
184947
182650
182550
182626
182526
183026
182705
182626
182651
182676
182696
182526
185247
184976
185247
184692
184976
184926
184692
184946
184926
183026
182676
182404
183144
182550
182626
181980
182623
181980
182981
182739
185256
182518
182981
181980
182981
182623
182739
182623
182981
182518
182739
182623
182739
182518
185256
182606
185525
185586
182152
185525
185586
185525
185586
182152
182606
185586
185525
185586
185525
183125
184935
182625
183125
182625
183125
182625
183125
182596
181987
183036
182446
182703
182611
181801
182920
181801
185061
185321
185512
185415
185018
184853
185154
184691
185154
185513
185154
185085
185443
185321
185153
185442
185322
185381
185474
185381
185321
184916
185322
184859
185201
185208
185442
185549
185322
185443
184853
184925
184853
181817
182983
182931
185407
185324
185450
185414
185059
185478
185324
184819
185407
185249
185407
184763
185324
185414
184965
185414
184763
184819
185257
185127
185407
185414
184965
185249
184763
184819
182437
182923
182437
182917
185250
185440
185250
185440
184949
185440
185482
185150
185500
185482
185150
184683
185397
185482
184683
185482
184821
185440
182826
182495
182826
182712
182519
182923
182815
182995
182519
185244
185485
185515
185402
184922
185515
185244
185336
184909
185056
185388
185583
185146
185244
185522
185388
185336
185146
185444
185146
184922
185336
182818
182908
182921
183133
181991
185413
185152
185313
185015
185526
185413
185005
184962
184928
184766
185526
184766
184696
185015
185413
182653
183045
181832
182470
182520
185410
184929
185063
184929
184923
185196
185553
184923
185063
185083
185327
184845
185013
185063
184942
184703
185013
184703
184845
185193
184923
185523
184947
185193
184857
184703
185013
184942
184947
185516
185325
184975
185411
185325
184846
185109
184944
185325
185203
184944
185437
182615
182560
183134
182401
181838
182928
182644
182401
182445
182401
184714
184974
185061
185546
185415
185402
184916
185322
184714
185389
185501
184856
185018
184859
185381
185389
185085
185061
185154
185208
184927
185443
185442
185443
184853
184713
184861
184850
184937
184849
185070
182159
183047
182159
183047
182834
182159
183047
182834
184850
184713
184861
184937
184850
184937
184849
184713
184849
185070
183047
182159
185527
185326
185598
183130
183162
182459
182438
182459
183159
182438
183159
182438
183162
183159
183046
183159
182551
183162
183159
182459
183046
183159
183162
182459
185016
182150
182833
184932
185016
185017
185021
184932
185016
185017
185021
184932
185017
182150
182833
182150
182833
182150
185016
185017
184932
182833
182150
182833
181823
185412
185477
184977
185120
185412
184977
182147
181823
182729
182147
181823
185120
185149
185412
185120
185412
185120
184977
185412
185477
182729
181823
182729
181823
182729
183147
182471
181806
183051
183127
183147
181806
183127
181806
181994
183127
183147
183127
181806
182694
183147
185159
185446
185159
185436
185335
185436
185159
184914
184940
185159
184940
185436
185159
185446
185436
185010
185335
184914
182621
181992
182838
181992
182396
182838
181997
182621
182913
182838
182435
182553
181992
182621
181992
183163
182553
182838
181822
185160
185318
185210
185318
185160
185318
185319
185210
184688
185318
181966
181921
183158
182442
183158
182572
181921
183158
181921
181966
181921
182572
181921
182442
182572
183158
182572
182695
181921
182442
185099
182442
182695
183126
181962
181811
183120
182607
183117
183150
182611
182464
182563
182607
182464
181996
182713
183126
182528
182819
181824
182824
182912
183042
182510
182624
182573
182548
182914
182591
181828
183042
181824
182573
182591
182528
182609
185404
182609
185404
182609
185404
182609
182728
182919
182931
182728
182013
183044
182013
183044
182619
183044
182978
182992
182428
182931
183122
182931
183122
182919
181817
182728
182992
182428
183122
182463
182013
182463
182983
182439
182708
182392
182439
182392
182829
182439
182163
182829
182439
182829
182647
182708
182392
183118
182647
182927
182439
182925
182927
185510
184701
185510
184920
185510
184841
184701
185510
184841
182708
182829
182392
183118
182565
182926
182565
182822
181805
181991
181816
182822
182901
182828
181805
182844
182565
182901
182565
181991
182844
181991
181816
182926
182813
182511
183133
182901
182828
182843
182908
181805
182901
182813
181991
181816
183160
181816
183133
182908
181991
182550
182657
182526
182657
182651
182550
182696
182404
182657
182696
182626
182526
182532
182836
182532
182659
182657
182659
183026
183144
184976
184946
185247
185472
185247
185384
184692
184976
184926
185241
185247
182560
181964
182515
182445
181818
182735
182644
183104
182445
181964
182918
182462
182615
183104
182401
182846
182975
182615
182928
182615
182735
182743
182644
181964
182743
182401
182735
182928
183134
185325
184944
185109
182470
182473
183045
181832
182653
182736
182546
182736
181832
182673
182934
182612
181814
182520
182612
181832
182612
182546
182736
183045
182612
182877
181832
183045
182564
181814
185005
185015
185313
185413
185002
184766
185313
185005
184766
184928
185015
183150
182611
182563
182446
182893
182607
182443
183126
182611
181988
183120
181813
183043
181988
183128
183113
183150
181826
181837
182443
181996
181811
182920
183034
183043
182893
181986
183117
183043
181837
183128
183120
181801
182912
182573
182701
182819
181828
182524
182764
182510
182875
183153
182701
182528
181828
182764
181828
182431
182933
182573
182544
183141
182824
182697
182914
182524
181828
182701
182933
182544
182991
182431
182591
182764
183153
182524
182528
182000
182740
182933
182510
182826
182466
182495
182815
182529
182826
182917
182437
182815
182995
185440
184821
185323
185482
185150
185323
185447
182420
183049
182699
182400
183049
182699
185405
184948
185405
184948
184997
184948
184941
184997
182420
182400
182513
182400
182699
183049
182400
182420
183049
182525
182400
184941
184948
184997
184941
182525
182699
183049
182433
182487
182707
183048
182707
181993
182809
183048
183161
182569
183048
182433
182904
184945
184972
185209
185418
184945
185209
184972
185418
181993
182707
182433
182904
182433
182490
182569
182433
181993
182707
182427
181813
182611
182830
181988
182611
181801
181826
182596
182607
181986
183034
183036
183128
183034
183128
183113
183128
182920
183128
183126
181826
182443
181811
184859
185381
185442
185322
185381
185415
184974
185438
184691
185512
185201
182559
182730
181925
182559
182709
182730
181969
183124
181955
183119
184767
185387
185479
184816
184705
185479
184767
184705
184816
185387
182440
182709
181969
183124
182530
182978
182919
182616
182978
182742
183122
182992
182919
182983
182992
182616
182931
182919
182931
184819
185498
185450
185449
185059
185450
185414
185249
185324
185249
185407
185249
184819
184763
184764
185431
184764
184819
185450
185127
185249
185478
184764
185324
182933
182548
182697
182595
182697
182914
182912
182166
182573
182544
183042
182819
183153
183141
182624
182610
182819
181824
182701
182697
182431
182548
182912
182595
185327
185062
185063
184845
184708
184845
184923
185327
184923
184857
185327
185420
185356
184857
182506
183030
181924
184765
185000
184765
185610
185000
184765
182711
182882
182389
182558
181967
182389
182506
182389
182859
183030
181839
182882
182859
183030
182882
181967
182859
181924
182389
184765
185610
185000
183159
183162
183130
182438
184939
185471
185326
184970
185434
185584
185598
185326
185527
185598
185326
185544
185326
185417
184773
185054
185326
184970
185054
185527
182438
183046
185074
185522
185485
185444
185522
185336
185444
185336
184922
185146
185336
185444
185336
185388
184922
184909
185146
185244
185336
185146
185074
185336
185485
185244
185074
182932
184927
185069
185513
185154
185513
184916
185546
185513
184925
185018
185474
185442
184710
185381
185443
184859
185201
185442
185153
184691
185018
184853
185154
184714
185061
184853
185442
184859
185321
185512
185549
185201
184974
185381
185322
185201
184974
185321
184853
184927
184853
185399
185325
184975
185117
184938
184907
185399
184938
185117
185109
185411
184847
184704
181833
181989
184704
184711
185329
184711
181833
181989
184704
185013
184708
185063
185062
185083
184942
185083
185410
184845
184923
184703
185327
185596
185410
184947
185013
185596
185193
184923
185063
184703
185013
185083
185445
184947
184857
184947
184696
184928
185005
185413
182736
181814
182546
182470
182736
181814
182520
182673
182520
182934
182520
182628
182877
182653
182470
181832
185593
184971
182909
183132
182922
182909
183132
182922
182909
183132
182523
184971
184823
184971
185593
184823
184971
182909
182840
182909
183132
181831
182909
182922
182909
182922
181831
183132
185593
185407
182978
182983
182919
183122
182616
182013
182977
182983
183122
183044
182977
182983
182156
182981
182739
182623
182518
182981
182739
181980
182518
182739
182623
182981
181980
185256
182518
182981
181980
182739
183127
182474
182471
181994
181806
183127
182471
181994
181806
183127
185335
185159
185446
185335
185446
185335
184940
185159
182393
182657
182550
182659
183144
182650
182526
182696
182404
182836
183026
182568
182659
182532
182526
182657
183144
182550
182696
182651
182626
182651
184926
185241
185472
185384
185472
181809
185416
185332
184905
185332
181809
184905
185451
185332
185451
185416
185451
185416
181809
182396
182553
182435
181992
182435
181992
182913
181992
182396
182435
182621
182594
182913
183163
182913
182553
181822
182621
185550
185318
185210
185318
184688
185003
185319
185318
185003
184688
185210
185003
182595
182624
182431
182933
182431
182875
183153
181828
181824
182914
182610
183042
182624
182881
182466
182923
182712
182495
182437
182495
182519
182995
182466
182815
182529
182815
182495
182519
182466
182495
182529
182826
182995
182495
182815
185440
184821
185447
185150
185447
185250
185440
184949
185250
184949
184683
185323
185440
185447
185482
185447
184683
185250
185447
182401
181838
182930
182735
182622
182660
182615
182622
182560
182445
181820
182743
182644
182622
181820
182928
182735
182560
182644
183134
182918
182975
182401
182930
181820
181818
183104
182615
182644
181820
183104
182660
182735
183134
182735
183134
183155
183113
182464
181837
182393
183126
181996
182611
182464
182596
183036
182713
182563
182893
182607
183128
182691
182457
181837
182607
183036
182703
182443
183110
182393
183043
182596
183150
183034
183128
182427
182607
181811
182596
182830
182990
183143
183107
182165
182842
183107
185520
185554
185520
185019
184822
184727
185243
184727
185520
185320
184822
184727
185320
185019
182608
182165
182608
182990
182165
182842
183107
182990
184727
181991
182565
182921
182873
182921
181805
182714
182565
182818
183133
182818
182827
182908
181991
183133
181827
181816
181805
182932
182827
182828
182921
182714
182565
182901
182844
182926
182908
183133
182714
182844
182392
182447
182439
182392
182402
182392
182439
182392
182708
183118
182439
182392
182163
182402
182708
182439
182708
182927
183118
182392
182402
182829
185551
185006
185510
184860
185006
185480
185006
182872
182914
182510
182697
182000
182624
182991
182764
182548
183114
182875
182510
182824
182912
181824
182875
183042
183153
182933
182875
182591
183042
182561
182000
182764
182573
182912
182166
182824
182914
182709
182559
181955
182915
182530
182915
183119
183124
182709
183119
182425
181955
183108
182440
183108
183124
185479
185387
184705
185479
184767
185387
184816
182730
182425
181969
181955
183108
182559
183159
182551
183046
183162
183046
182551
182916
183159
185417
185054
185417
184931
184685
185584
185471
184970
185054
184939
185326
184931
184685
185581
185434
185584
183047
182816
183047
185070
184849
184937
185070
184850
184937
184849
185066
185070
182834
182159
182834
182159
182816
183047
182834
184937
185070
184937
184849
185070
184713
184850
185070
184713
184861
182653
182673
182736
181814
181832
182564
182653
182673
182877
182934
182546
182520
182612
182520
182470
181814
182612
181814
181832
182520
185015
185081
185005
185313
184766
184696
185002
185313
185413
185152
185015
185005
185081
185526
184766
184696
185005
185413
185611
185015
182001
182603
182153
182603
182153
182001
182603
182001
182603
182767
182001
182603
182153
182603
182001
182153
182603
182768
183157
185486
182768
183157
185253
185486
185253
183157
182768
183157
182768
183157
185486
185253
185486
183157
183036
182713
182596
183110
181801
181987
182830
182464
181811
182920
181826
183128
181987
182443
182830
181811
182607
181986
181813
182830
182611
183126
181988
183126
182920
183113
183128
181801
181987
182691
181996
182510
182522
182000
182166
183141
182624
182819
182740
182000
182548
182740
182872
182510
182991
182764
182881
182528
182875
182610
183114
183153
182881
182914
183114
182764
182740
185062
185553
184845
185013
184845
184929
185401
182742
182616
182919
183122
181817
183122
182906
181817
182728
182428
182977
182919
182906
183122
185449
185257
184965
184763
184965
185449
185450
185096
185407
185449
185450
182569
182904
182433
182569
181993
183048
183161
183048
184972
184945
185209
184972
185331
185209
185418
184945
185331
185418
184945
183161
182707
182904
183161
183048
183161
183048
182707
182433
182487
183161
181993
182490
183161
183048
183161
183048
184972
182843
182932
181827
182565
182511
182565
181827
182908
182921
185522
185146
185244
185074
185336
184909
185522
185146
184909
185074
185485
184909
185244
185522
184922
184909
185146
185336
185485
185444
185074
184922
184909
185515
184706
184909
184706
185388
185244
181986
181826
183120
182893
181987
181996
183120
182611
181837
181826
182596
181987
184916
184853
185474
185452
185154
185474
185018
185501
185381
185546
184691
185154
185415
184853
185415
184974
185513
185154
184853
185381
185085
185208
185154
185153
185154
184714
185415
185201
184974
185415
184916
185501
185443
184856
182975
182928
181838
182622
185402
184975
185516
185203
185607
185516
185117
185607
185325
184975
185117
184975
185411
185203
185325
184944
185437
185109
185325
185411
184975
185109
185203
185516
184944
185553
184929
184708
184947
185553
184923
185523
185062
185013
185523
184708
184942
185080
184857
184708
185196
185083
184703
184942
184912
184703
184942
184912
184947
184708
184857
185553
185193
185410
185193
184857
185062
185401
185445
185004
185247
184926
184976
184946
184926
183144
183026
182676
183026
182526
183026
182404
182696
183026
182651
183026
182404
182526
182696
182404
182657
183144
182676
182532
185478
185407
184965
184819
185450
185431
184763
185328
185059
185450
184965
185414
185407
185249
182983
182463
182992
182619
183122
182919
182977
182619
182978
182616
183044
182919
182728
185128
185546
185061
184714
184916
185239
185018
184853
185474
185546
185322
184974
185154
185381
185443
184691
184916
185546
184927
184853
184974
185438
185549
182908
182827
182926
182843
182827
182828
182813
181991
181827
183160
181991
182901
182908
182873
182822
182932
182822
182926
182932
182901
183030
182389
182506
181967
182389
181924
182711
182389
183038
182859
181967
182389
182882
183038
181967
182506
183030
182859
182711
181967
182859
183030
182389
184765
185000
184765
185610
184765
182826
182529
182923
182437
182466
182495
182529
182466
182995
182437
182826
182815
182529
182712
182529
182495
182712
182917
182712
182519
182712
182923
182917
182438
182551
182459
182551
183130
182438
183159
183162
182438
182916
183130
183046
182459
182551
183130
183159
182459
185326
185417
185471
182163
182708
182447
183118
182402
182927
182163
182647
182927
182392
182439
182647
182829
182647
183118
182439
185510
185006
184701
185006
184701
185006
184701
185510
184841
185510
182708
182447
183118
182392
183118
182152
185525
185586
185525
182152
185586
185525
185586
185525
182606
185586
185525
182615
181964
182560
183134
181820
182622
182743
182401
182743
182401
182735
182644
182918
182515
181838
182975
182644
182560
182735
182401
183042
182573
182528
182697
182431
183114
182881
182991
182914
182610
182914
182697
182933
182991
182524
182764
182701
182528
182764
182166
182933
183114
182872
182000
182736
181832
182653
182736
182533
182546
181814
182877
182470
182934
182564
182653
181832
182470
182736
182612
182877
182673
181814
182653
182877
181814
182612
182877
182520
185526
184696
184766
185526
181806
182471
182832
181806
182474
182471
183127
183147
183127
182471
181806
183147
182832
183127
182471
182694
182832
182474
183147
185436
185335
185159
184940
185335
185436
185446
185335
184940
185436
184940
182563
181811
181826
182920
183034
183128
181813
182611
183110
181996
182393
183126
181988
182393
182710
182713
183117
182563
181826
183128
182427
183117
183113
182427
183126
183036
182596
182625
183125
182625
183125
182625
183125
182625
184935
182627
182435
182396
182553
182913
181822
182838
182621
181997
181992
182621
182553
182621
181997
182621
182553
182435
181822
182838
182396
182435
185318
184688
185318
185160
185003
185318
185319
185160
185318
182913
182442
182572
182695
182572
181921
182442
185099
182572
182442
182572
182442
183158
182442
183158
182572
182695
181966
181921
183158
182442
181966
181996
181801
183117
182596
182691
182830
182446
182563
181987
183036
181801
181986
182443
183113
181801
182393
181813
182607
182427
181801
182464
183126
181837
182987
182596
181813
183034
181986
183128
183126
182730
181955
181925
182440
182989
181925
182709
181925
183108
182559
182440
183124
182559
182709
183119
183124
182709
184767
184816
184767
185387
184705
184767
185479
185387
183124
182709
183119
182425
181969
183108
182528
182824
182431
182528
181824
182764
182701
183141
182573
182824
182561
182881
182912
182933
182618
181824
182875
182522
182764
182528
182824
182573
182819
181824
182697
182875
182548
182522
182701
182591
182561
182875
182420
183049
182525
183049
182400
184948
184941
184997
184948
184941
184997
184948
183049
182513
183049
182400
182420
182525
182400
182513
182420
183049
182699
182400
184997
184941
184948
185405
182906
181817
182978
182616
182978
182906
182742
182978
182619
182728
182919
183122
182978
182013
185414
184965
185414
185449
185059
185449
185450
185478
185257
184764
184763
185257
181838
182622
183134
182560
182930
181838
183155
183134
183104
182660
182928
182445
183104
182918
182644
182615
182445
182644
182918
182615
182401
182515
182930
182560
181820
182401
182515
181838
185203
185411
185109
185325
185516
185109
185516
184943
184975
185399
181991
181816
183160
182844
181805
182844
182926
182511
182926
182932
183133
181805
182844
182932
182813
182714
182921
182828
181827
182901
181816
182843
181805
182901
182908
181816
182843
181816
185444
185388
185485
185522
185146
185522
185146
185388
185515
184934
184706
185485
182431
182510
182524
182819
182701
182872
182991
182544
182701
182591
182740
182912
182872
183114
182933
182548
182819
182610
182528
182610
182701
182524
182914
182912
183153
182544
182740
182881
182914
182548
182524
182624
182591
184845
184923
184912
185401
185410
185553
185196
185420
185062
182464
181987
182611
182443
183117
182611
181813
182563
181987
182713
183110
182427
183034
183113
181986
183117
184853
185381
185321
184974
185389
185381
185085
184916
185415
185321
185018
185474
182917
182519
182712
182923
182826
182923
185255
184949
185150
184821
185482
185150
185250
185150
184821
185323
184683
185250
185323
185150
185447
185150
184821
184683
185250
185447
185250
185440
185150
185323
184949
185250
182729
184977
185412
185120
185412
185477
185120
185412
184977
185477
184977
182729
182147
181823
182729
185477
185120
185477
185120
185477
182729
181823
185412
185477
183026
182657
185384
184926
184692
184946
185384
185241
184946
185247
184692
184976
185472
185384
184692
185247
185384
184946
182657
182526
183144
182657
182404
182626
183026
183144
182526
182626
182676
182659
182651
182836
181980
182981
185256
182739
182518
182858
182623
181980
182623
181980
182981
181980
185256
182981
182623
182739
185019
184727
185320
185520
184822
185520
184727
185520
185320
182165
182990
182165
182395
182842
182165
182990
184727
184822
185320
184930
184727
184822
185019
185320
185520
185019
185320
184822
185554
185520
182608
182165
182990
182165
182990
184727
185019
185418
184972
185209
184972
185209
185331
184945
185331
182490
181993
182707
182904
183048
183161
182490
183048
182433
183048
182490
182904
181993
182487
182569
182707
183161
181993
182490
182707
183048
181993
185209
184972
185005
185611
185526
185413
184696
185005
184696
185015
184766
185313
184696
185611
184766
185413
185015
182564
182877
182473
182653
183045
182673
182520
182653
185527
184685
185434
184939
185598
184939
185417
185434
184931
185471
184939
185471
185417
185471
185434
185417
182438
183130
182916
183046
183162
182438
182916
183130
182459
185546
185452
185546
184859
185546
184974
185121
185085
185061
185513
185546
185381
185512
185085
185415
185546
185061
185322
185452
184691
185438
185012
185321
184927
185549
185085
185322
184916
184853
185442
185061
184916
184714
185018
184974
185474
185153
185389
185546
185061
185549
185452
185474
185442
184853
185513
185322
185193
184708
184857
184845
185553
184708
185410
185083
184929
185553
184942
185193
185063
185062
184947
185083
185401
185327
185013
185063
185410
184929
185063
184947
184845
185062
184947
184857
185516
185411
185437
185077
185109
184944
185077
184944
185203
184975
185117
185437
185325
185058
185325
182660
182928
182622
182445
181820
185485
185146
184922
184934
185515
185336
185056
184922
184706
185388
185444
185388
185444
184909
185244
181827
181805
183133
182843
182908
182932
182575
182714
183133
182843
181827
182828
182844
182908
181991
182921
183133
182921
184971
185593
182922
183132
182922
182840
182922
183132
182922
182909
183132
182840
183132
184823
185593
184823
182922
181831
183132
182922
183132
185324
185414
185059
185450
185449
185407
185249
184819
184763
184764
182906
182978
182992
182978
182619
182428
183122
182977
182619
182992
182013
182463
182906
182931
185000
185610
183038
182389
183038
183030
182389
182711
181967
182711
183038
182506
181967
183038
183030
182859
181839
181967
183038
182859
182711
182389
182506
181839
182859
185610
184765
185000
185610
185446
185248
181994
182832
182471
183147
181994
183051
181994
182832
181994
182832
182471
182474
181994
182832
182694
182832
183051
184940
184914
185436
184940
185446
184940
185159
185335
185159
185446
183113
182446
182443
183034
182563
182920
182446
182691
181801
181833
181989
185329
184704
184711
181833
181989
181833
184711
184704
184711
183047
182834
183047
182159
183047
182834
184713
185066
185605
184849
185070
185605
185066
185070
184849
184850
184849
184937
184850
185066
184713
183047
182834
182159
182834
182816
182561
182764
182740
183042
182912
181828
181824
182431
182914
182610
183042
182697
183153
182431
182510
182701
182610
182819
182561
183153
182591
182875
183042
182819
182933
182573
182824
182933
182431
182595
182917
182815
182495
182519
182917
182712
182529
182466
182923
182935
182519
182712
182437
182995
182712
182495
182917
182995
185250
184821
185250
185440
185482
185250
185150
184821
185482
185447
184949
185482
182621
181992
182913
182627
182435
182913
182838
181822
182621
181822
182838
181992
182838
182913
181992
181822
182396
181822
182621
182913
181992
182913
182553
185210
185003
185210
185160
185550
185595
184688
185003
185318
185210
184688
182560
182975
182918
182515
183134
182644
182918
182975
182930
182918
182560
182615
182975
182515
182930
181820
182445
181820
182462
182622
182735
181820
182918
182615
181838
181818
182928
182515
183134
182918
183155
182928
182918
182622
182560
182393
183120
182713
183120
183128
181813
183113
183034
183150
183110
182443
181813
181837
183110
182893
182710
183126
183120
183036
182611
181811
183043
182607
183036
182691
181826
181837
182607
182703
182464
181987
181986
181988
183124
182559
182709
182425
183119
182730
181955
182559
181955
182709
183119
182730
181969
182530
182730
183119
181969
182440
183124
181925
184816
184767
185479
184684
185387
184767
184816
184767
185479
184705
185479
182530
182440
183044
182931
182463
182013
182978
182931
183122
183044
182619
183044
182013
182428
182616
182983
181817
182906
182931
182983
182992
182428
182616
182931
182978
182983
182428
181817
182906
182978
185249
182392
182647
182925
183118
182927
182829
182927
182163
182647
182447
182647
182402
182708
185510
184701
184920
185006
184841
185006
182163
183118
182392
182829
182439
182927
182925
183118
182921
182908
182901
182511
181805
182932
181805
181827
182822
182843
182827
181991
182818
182908
182828
182813
181827
182843
182908
182932
181805
182908
182844
181816
182908
181816
181805
182901
181827
181805
182714
182843
182822
181805
181991
182565
182564
182628
182473
182612
182877
182673
183045
182546
182612
182653
182736
182533
181814
182533
182877
182612
181814
185005
185526
185081
185015
185313
185015
185005
184696
184766
185005
184696
185015
185526
185052
182532
182526
182550
182532
182657
182651
183144
182526
182651
182532
182526
182651
182532
182626
182651
182526
182696
182550
182676
182651
183144
182696
182550
182836
185472
185241
185472
184924
185384
184924
184946
185241
184946
185384
185247
182000
182697
181828
182740
182912
182524
183153
182510
183141
182510
182819
182510
182875
182881
183141
182740
182697
182000
182524
182610
182697
183153
182528
183114
182912
182510
182624
182933
182510
182618
182881
182573
183034
181996
183113
182611
183120
182596
183034
182563
183110
183034
183120
181986
182703
181826
181837
183126
182703
182443
182713
182563
183043
182893
182710
182464
183117
182596
182713
183117
183036
181996
182973
182464
183046
182916
183130
182916
182438
185434
185598
185326
184939
184773
185054
185326
185527
184685
184939
185598
184685
184773
185417
185471
185598
185417
184685
185598
185326
184939
182916
183159
182551
182459
183046
182459
182438
183130
182916
182565
182901
182828
182822
181827
182828
182921
182565
182926
185074
185388
185515
185244
185522
185244
185336
185244
185485
185336
185522
185444
184934
185244
185146
184922
185485
185515
185074
185056
185146
185522
184909
185485
185522
185388
184909
185336
185515
185388
184706
185244
185074
185522
185444
183036
182893
182713
185443
185061
184916
185085
184859
184927
185322
185154
185085
185154
185415
184974
184714
185543
185442
185321
185201
184714
185381
185549
185389
185415
184853
184927
184974
185438
184859
185513
185474
184927
185018
185381
185322
185153
185321
185452
185321
185153
185208
185438
185474
185549
185079
185513
182660
182975
183104
184975
185325
185516
184975
185203
185109
185203
185437
185516
185117
185437
185516
184975
185203
185437
184944
185109
184938
185117
185325
185117
185607
185117
184975
185203
185328
185059
184763
185257
184763
185257
185249
185324
184965
185431
185450
185431
184965
185449
184763
184965
185407
185431
185249
185324
185257
184819
185498
185059
184763
185407
185414
185328
185249
184819
184965
185083
184845
185083
184845
185410
185401
184947
184845
184947
185193
185410
185062
184923
184929
184708
185013
185063
184942
185410
185445
185196
184923
184845
185013
185445
184760
185193
185196
184845
185445
184857
184703
185596
185445
185327
184845
185410
184760
185063
184947
185062
185013
185083
184857
184942
185083
184929
185418
184972
185331
184972
185418
184945
184972
185331
184972
182490
183048
182904
183161
183048
183161
182569
182490
182707
181993
183161
183048
182569
182490
182707
182490
182569
182433
183048
185209
185418
185331
184945
184972
185447
184821
185482
184683
185440
184949
184821
185323
182529
182519
182529
182437
182815
182529
182437
182519
182712
182917
185201
185442
185085
184856
185415
185549
185546
184710
185198
184714
185438
185443
184916
185443
184916
185202
185515
184922
182932
181991
182926
182565
181827
182828
183133
182844
182827
182932
181816
181827
182873
182908
182818
182511
182843
182714
182844
182901
185446
185159
182832
183051
183147
182471
181806
183147
182832
182471
183051
181994
181806
182832
182471
183147
181994
185159
185248
184940
185335
182657
182651
182550
183144
182526
183144
182532
182626
182532
182550
182626
182532
182404
182676
183144
182532
182526
183026
182696
182676
182651
182819
182610
182875
182701
182872
182991
182913
182396
182621
182396
181822
182435
182913
181822
182913
181992
182838
182435
181997
182553
182913
181997
182627
185210
184688
185318
185595
185003
185160
185210
185319
185318
185595
182443
183043
182393
181826
182713
181837
181813
182893
182920
182691
181811
182713
182443
183128
182987
182920
181986
182563
182713
183150
183134
182928
181820
182615
182622
182918
182515
182975
182918
182615
182660
182644
182401
182918
182846
182445
181820
182560
182743
183134
182445
182615
182660
182975
181820
182445
182743
182736
183045
182673
182653
182546
181832
182736
183045
182533
181832
182653
182877
182470
182520
181832
182653
183045
182533
182673
182736
182673
181814
182934
185313
185413
184696
185413
185313
185526
185005
185313
184696
185005
184696
185313
183044
182728
182919
182428
182463
182978
182992
182463
182906
182428
182978
182013
182919
182428
182728
181817
182931
182854
182156
182728
182013
182616
181817
182992
182919
182619
182156
182428
182013
182428
182697
182824
182548
182561
182610
182701
183141
182881
182740
182510
182548
182912
182881
182528
182591
183042
182610
182697
182933
182510
182624
182912
182431
182912
182524
182819
182524
182000
182764
182824
182000
182819
182824
182991
182624
181986
183043
182443
182607
182703
182611
183043
183120
183113
183150
183043
182464
182920
182611
183036
183128
182446
183043
182464
183034
183117
181837
181988
181986
182427
183113
182427
182607
181987
182464
181996
183162
182551
182916
182438
183130
183046
184685
185471
185598
184970
185598
184939
184685
185326
184939
185417
184685
185434
184970
185434
185598
184773
185326
184939
184931
184685
185598
185417
182437
182529
182917
182995
182466
182826
182519
182466
182826
182466
182712
182995
182815
182529
182995
182437
182923
182826
182712
184821
184949
184683
185150
184949
184821
185150
185440
185250
184949
185254
185440
185250
185323
185482
185440
185150
185447
181805
182932
182714
182827
182844
182926
181991
182575
181816
182926
182921
182844
182926
183133
182575
182827
182908
185444
185202
184909
184706
185515
184909
185485
185074
185515
185444
185388
184922
185074
185485
184922
185522
182596
182920
182893
182563
181988
181801
181826
182607
182713
181988
183126
182987
183128
181986
182457
182446
183120
183117
181996
183120
183126
183113
183034
183113
181837
181813
182691
183128
181801
183120
182563
181987
182987
183036
183120
182446
182975
182515
183104
182743
182715
182622
181964
182930
182445
182644
183104
181964
182622
182928
183104
184944
185325
185203
185607
185411
185325
185437
185607
184975
185411
185437
185516
185203
185117
184944
185607
184944
185437
185117
185203
185117
184975
185325
185109
181817
182428
181817
182728
183044
183122
182906
183044
183122
182619
182742
185249
184763
185059
184819
185328
185431
185478
185059
185324
185059
185414
185431
185249
184965
184764
185407
184764
184819
184965
185059
185449
185324
185478
182528
181824
182875
182524
182824
182624
182740
182697
182624
182872
182764
182000
182524
182595
183141
182740
182881
182548
183141
183153
181824
183114
182528
182510
184929
185063
184929
185523
185420
185523
184929
185083
185063
185193
181811
182713
183036
185549
185085
184916
185442
185208
184927
185018
185513
185201
185208
184714
185474
184859
184714
185322
185442
185208
184856
185438
185154
185153
185443
185442
185443
185438
184916
185321
185381
185322
185321
185549
185018
185201
185474
184925
185018
185239
185321
185474
184925
185389
182512
185155
185552
182678
182512
185155
182512
182678
182512
185552
182512
182678
182512
185155
185075
181830
182979
183053
182979
183053
182613
185383
185206
185383
182613
185406
185402
185406
185402
182655
185009
184966
184967
182655
182706
182655
185009
185608
182655
184967
185009
184967
185608
184967
185009
182655
184966
185009
182613
185383
182613
185383
182613
185383
185206
182434
182613
182434
182613
185406
185402
185406
182424
183152
185406
184690
185406
184690
182655
184967
185009
185608
182706
182655
185009
184967
184966
185009
184967
185009
181999
182655
181999
182655
181999
185009
182924
182731
182924
182731
185333
185557
182924
182731
182924
185557
185333
185557
185333
182731
182924
185557
185333
185557
182434
185383
185020
185383
185016
185020
185017
185021
185383
185017
185199
185017
185199
182434
182833
182150
182599
182150
182613
185017
185380
185020
185199
185380
185016
185017
185199
185404
185599
185451
185416
185451
185332
181809
185451
185416
185332
185416
185451
184997
184941
184997
182525
183049
182420
183049
182420
182513
182400
182420
182400
182699
182513
182400
184941
184997
184948
184941
184997
184941
183030
181967
182711
182882
182506
181924
183030
183038
181924
183038
181839
182506
181967
183030
182859
182711
183038
182711
182882
185000
185126
184765
185000
182434
182833
182434
182599
182613
182833
182150
182509
182599
182434
182439
182599
182439
182981
182623
182609
182402
182599
182163
182708
182609
182708
182858
182623
182647
183119
182559
182730
181925
182709
182559
182915
182709
181955
183119
182440
182425
182559
181955
181925
182425
181969
181955
182915
183119
181925
185387
184816
184767
184816
184767
185387
184816
184684
184767
184705
182532
182696
182626
182676
182626
182696
183026
182626
183144
184976
184926
184946
185384
184692
184946
185384
185247
184976
184946
184692
185384
184926
184976
184926
185247
184692
184845
184947
185013
185327
184708
185062
185596
184942
185193
184708
185013
184857
185553
185063
185193
185553
184703
184942
185410
184708
185327
184942
185196
184703
184923
185013
184760
184947
184857
182424
182856
182424
184690
182876
183121
183156
183121
183156
183121
183156
183121
184695
182870
183146
184695
183041
182870
183041
184695
183041
183146
183052
182527
183052
182831
185207
183052
182527
185207
182527
182831
183052
182599
182509
185207
185599
185207
183054
184973
183054
184973
183121
183054
183121
184973
183121
184973
183121
184973
183156
183054
183121
184973
182741
183123
185419
183123
182825
183129
182825
183123
185419
184695
185419
185324
185154
185431
185018
185449
184691
185324
185474
185328
185059
185414
184691
185085
182980
184964
185206
184964
181999
181966
181980
181966
182858
183158
181980
182158
181921
182623
182572
182739
181980
185009
184967
183047
182816
182159
182834
185009
184713
184697
185019
185070
185520
184861
184849
184850
184914
185320
184940
184727
185436
185446
184937
185066
185335
185520
185070
184713
185320
184937
185335
185009
185070
185413
182856
182424
183157
182768
183039
182994
183152
182768
184725
185486
185589
185331
185406
185331
184945
184766
185402
184958
183041
181990
182988
183041
182708
182925
182402
182647
185480
184841
184701
185006
184701
185006
184841
184849
185070
185020
184971
185380
185016
184971
185593
185020
184971
185021
185524
184971
185330
185199
185380
185021
185159
185020
185593
185446
184914
185017
185524
184940
185016
185431
185335
185436
185524
182876
185418
184945
184928
185554
185015
185320
185005
185520
184766
185009
184691
185443
185402
182870
185099
185207
