22476
217
3477
74
15968
169
2939
66
12001
135
2396
57
8153
107
1890
51
5379
83
1415
43
3387
65
1062
37
2191
52
703
30
1433
41
540
26
928
34
400
23
573
26
290
19
407
22
205
16
258
18
178
14
51603
328
7504
109
35868
248
6065
93
23817
184
4665
79
14850
138
3275
64
8756
104
2328
54
5065
78
1459
43
2969
58
1039
36
1902
47
663
28
1104
36
471
24
691
28
354
20
428
23
244
17
312
19
195
15
56097
336
7822
115
37835
245
5998
93
23588
178
4181
75
13919
132
2776
60
8069
99
1905
49
4537
73
1243
39
2650
55
795
31
1561
42
551
26
962
33
382
21
641
27
235
17
377
21
190
15
236
17
126
12
41686
272
5523
95
27392
203
4025
77
17164
151
3013
64
10404
113
187
50
5700
83
1242
40
3254
63
836
33
1940
48
492
25
1095
36
392
22
634
27
235
17
387
21
142
13
256
18
106
11
142
13
82.4
9.8
16664
161
1906
58
10273
126
1357
47
6395
95
964
38
3920
72
615
30
2295
55
466
26
1307
41
285
20
772
32
192
17
462
25
140
15
271
19
111
12
165
14
89
10
108.1
9.7
33.6
5.7
84.0
9.4
25.4
5.5
