217.081
63.704
6.28115
1.90577
190.634
53.6874
4.33771
1.41405
119.34
35.443
2.53006
0.952262
74.1013
26.8496
1.51903
0.702395
45.1937
16.4916
0.97131
0.484744
26.5034
11.1187
0.613255
0.338219
16.9511
8.2748
0.43025
0.267637
11.9957
5.6087
0.336642
0.202454
7.71599
4.10985
0.242407
0.165303
4.68413
2.65268
0.184701
0.125482
2.90794
1.71185
0.132647
0.0906809
1.71611
1.35483
0.0940014
0.0872667
234.18
60.6796
4.10657
1.22642
168.434
47.6396
2.62682
0.841614
110.994
33.9538
1.58425
0.584777
67.0895
23.3021
0.910061
0.409982
41.411
15.5466
0.569073
0.295818
25.6885
10.1317
0.381102
0.213327
15.4177
6.98978
0.265192
0.170931
9.92358
4.68631
0.198811
0.131969
6.04243
3.20455
0.148281
0.104257
4.03457
2.28632
0.120836
0.0881751
2.58312
1.64295
0.0936268
0.0733977
1.62249
1.25479
0.0708229
0.0644971
202.542
49.5888
3.39337
1.01585
151.221
38.6498
2.24127
0.747156
95.9477
27.6328
1.29766
0.507939
58.7226
18.7126
0.722829
0.343659
36.0643
12.1712
0.479883
0.247126
21.1493
7.72848
0.323967
0.186716
12.8721
5.44202
0.23682
0.150148
8.05091
3.42424
0.182158
0.109773
5.0591
2.65612
0.141055
0.103931
3.24052
1.69696
0.110153
0.08051
2.18721
1.24247
0.0878789
0.0678466
1.35642
0.786864
0.0669233
0.0537241
170.919
38.9005
2.57522
0.904333
125.426
28.9596
1.78249
0.661065
77.2416
21.2438
1.11199
0.468397
48.9068
14.1642
0.65581
0.322111
29.4728
8.68952
0.434465
0.228193
16.6855
5.599
0.301318
0.170582
9.98363
3.49218
0.219483
0.129358
5.94521
2.52262
0.161814
0.107747
3.92448
1.61897
0.127287
0.083903
2.48127
1.1495
0.0979997
0.0711276
1.47511
0.845731
0.0778899
0.0626735
1.07043
0.659347
0.0675808
0.0549443
134.032
21.5551
2.23212
0.884586
84.2303
18.1439
1.60741
0.695553
57.6576
12.6858
1.15608
0.511728
33.8327
7.47781
0.720355
0.334659
19.3534
4.50803
0.480779
0.234351
12.4722
3.25663
0.364923
0.186871
5.79865
2.02718
0.228256
0.139417
3.74602
1.41432
0.177627
0.106517
2.23618
0.798006
0.128374
0.0784488
1.67805
0.663458
0.119596
0.0702299
0.77764
0.416259
0.075178
0.0536525
0.550598
0.262549
0.0641372
0.0394281
