182559
181955
181969

183119
181925
183108
182730
182440

182425

183124
182915
182530
184705
184767
182525
183049
182420
182699
185405
184941
184948
184997
182400
182513
181967
182506
181924
183030
182882
182558
182389
183038
182711
182859
184765
185000
185604
182921
182926
182714
182843
182908
182565
182827
182932
181991
182844
182511
183160
181805
183133
183051
181994
182832
182471
181806
183127
183147
184940
185010
185335
184914
185446
185159
183132
182840
181831
182909
184971
185593
184823
182922
182523
183152
182424
185402
181999
182867
181966
182695
182572
183158
181921
185099
182442
181809
185332
185451
185416
184848
184905
182983
183044
182906
182931
182013
182463
182156
182619
182992
182742
182977
183122
182728
182616
182854
183130
182551
182459
182438
182916
183046
183162
185434
185417
182815
182495
182917
182466
182437
182995
182519
182826
182923
182515
181820
182918
182975
182622
181964
182560
182610
182824
183042
182933
182528
182912
182591
182000
182981
182739
181980
182518
182623
185256
182834
183047
182816
184849
184713
184937
184850
185070
183161
182487
182904
182490
182433
182707
181993
182569
185418
184945
185209
184972
185331
183045
182546
182520
181832
182673
182564
182653
182612
181814
182877
182628
182598
182533
181992
182838
181997
182435
182553
182913
182396
182621
181822
182627
184688
185319
185003
185595
185550
184690
182676
183144
182836
182404
182568
182651
182550
182626
183026
182532
181989
184711
184704
182704
185525
185586
182606
182152
182609
185404
182833
185016
185017
184932
185021
182150
182599
184729
185599
182509
182625
183125
184935
182856
184725
184844
185524
184933
185380
185199
185103
182829
182927
182708
183118
182447
182439
182392
182647
182163
182402
184841
184920
185510
185006
184701
183154
184911
182731
185333
185557
182924
185122
185124
185108
182729
182868
181823
185412
185477
185120
184977
182147
182768
185486
185253
183157
183039
182994
185589
181962
182830
182393
181987
183043
182427
182691
182987
183110
182611
182596
181837
182443
182446
183113
181988
182713
183036
182607
182990
182395
182842
182165
185520
185320
184727
185019
184822
182608
183143
181835
181998
185606
182988
183041
181990
182743
183155
183134
182462
181834
182735
182615
182644
182401
183104
182986
182928
182930
181838
185325
185117
184944
185516
185411
184975
182434
185020
185115
182527
185207
182831
183123
182825
185419
182567
183129
182153
182603
182001
182767
182431
182764
182914
182573
182595
182740
182881
182701
183141
182991
182697
183137
182810
181826
181811
183034
182893
182464
183120
182920
183150
182710
182703
181813
185125
184772
182822
182575
182818
182860
181816
182901
182828
181827
185485
185515
185444
185146
185244
185074
185388
184922
184909
182725
185601
182919
181817
182978
185407
184819
185498
185449
183153
182875
181828
182548
182624
181824
182524
182166
183114
185196
185062
184760
184947
185410
184923
185553
184929
185523
184942
185596
184857
183117
181996
185438
184925
184691
185415
185201
185513
185061
185154
184853
185321
184714
185443
184856
184974
185128
184927
185389
184926
185384
184976
185472
185004
184946
184924
185247
184692
185241
182657
182696
184696
185526
185313
185611
185005
185081
184766
185413
184962
182736
184949
185250
184821
185397
185487
185482
185447
185254
185255
185323
184683
182529
185078
185109
185203
185607
184938
185437
184970
185598
185326
185471
185054
185584
184773
184939
185450
185414
185257
185249
184764
185059
185324
184763
185474
185549
185442
185018
184916
185085
185501
185546
184710
184859
184816
184684
185387
185479
182709
185522
185336
185193
184703
185083
185327
185080
185063
185445
184708
185210
185318
185160
182594
182973
181986
183126
181801
182715
182445
183048
183033
182155
182694
185436
182158
181839
185610
182428
184706
182563
182526
182705
185123
182470
185015
182819
182522
182561
182159
185066
182712
185440
185150
183159
185527
184931
185011
185581
182660
185481
184907
184846
185322
185096
184965
185478
182872
185013
184845
185381
185079
185452
185121
185208
182873
182510
182925
185098
183128
181833
185329
185248
181818
182473
185052
185330
183107
185554
185243
185544
184936
185077
182457
182544
185401
185420
182650
185512
185153
185127
185500
185056
185583
185152
184928
184861
185149
183163
182813
182659
182846
182934
185002
182809
185431
185356
185069
185399
184847
182474
185551
184860
185480
184685
184912
185328
185239
182989
182618
184943
184934
182858
184930
185012
185058
185605
182935
185543
185198
185202
182512
185155
185552
182678
185075
181830
182979
183053
182613
185383
185206
185406
182655
185009
184966
184967
182706
185608
185126
182741
184958
182870
184697
183121
183156
183052
183054
184973
182980
184964
184695
183146
182876
