0.35 1.16163 1.08077
0.45 1.14547 1.0803
0.55 1.12953 1.07856
0.65 1.11382 1.07579
0.75 1.09833 1.07214
0.85 1.08305 1.06776
0.95 1.06798 1.06273
1.05 1.05312 1.05714
1.15 1.03847 1.05104
1.25 1.02403 1.0445
1.35 1.00978 1.03757
1.45 0.995735 1.03027
1.55 0.981884 1.02265
1.65 0.968225 1.01475
1.75 0.954756 1.00658
1.85 0.941475 0.998179
1.95 0.928378 0.989564
2.05 0.915463 0.980757
2.15 0.902728 0.971779
2.25 0.89017  0.962646
2.35 0.877787 0.953375
2.45 0.865577 0.943981
2.55 0.853536 0.934478
2.65 0.841662 0.92488
2.75 0.829954 0.915197
2.85 0.818408 0.905442
2.95 0.807024 0.895625
3.05 0.795797 0.885756
3.15 0.784727 0.875844
3.25 0.773811 0.865898
3.35 0.763046 0.855925
3.45 0.752431 0.845935
3.55 0.741964 0.835932
3.65 0.731643 0.825925
3.75 0.721465 0.81592
3.85 0.711429 0.805923
3.95 0.701532 0.795939
4.05 0.691773 0.785973
