184368
184352
184285
184264
184294
184270
184175
184651
184269
184171
184306
184359
184251
184170
184654
184261
184355
184357
184299
184627
184364
184369
184273
184365
184642
184308
184272
184169
184652
184363
184656
184666
184276
184179
184181
184362
184267
184657
184664
184173
184646
184253
184290
184289
184641
184371
184255
184266
184665
184301
184638
184649
184271
184254
184258
184370
184655
184158
184648
184660
184296
184247
184172
184372
184275
184163
184635
184303
184184
184185
184167
184268
184647
184274
184640
184183
184304
184663
184300
184309
184165
184367
184661
184653
184293
184182
184351
184658
184176
184257
184292
184302
184249
184291
184625
184256
184174
184348
184650
