184368
184352
184368
184285
184264
184352
184368
184294
184270
184264
184175
184651
184270
184269
184171
184269
184306
184359
184251
184359
184170
184654
184251
184359
184261
184355
184357
184299
184627
184364
184299
184369
184627
184273
184369
184273
184355
184365
184364
184299
184365
184299
184642
184308
184642
184308
184272
184169
184272
184169
184652
184363
184656
184666
184363
184276
184179
184181
184362
184267
184657
184664
184173
184646
184253
184290
184646
184253
184173
184253
184290
184646
184290
184253
184289
184641
184371
184641
184371
184255
184266
184255
184665
184301
184638
184649
184271
184649
184271
184638
184301
184649
184271
184254
184258
184370
184655
184158
184655
184158
184648
184660
184296
184247
184296
184247
184296
184172
184372
184275
184163
184635
184303
184275
184303
184163
184635
184275
184184
184185
184167
184268
184647
184268
184647
184268
184647
184274
184640
184274
184640
184274
184640
184274
184640
184274
184640
184274
184640
184274
184183
184304
184183
184304
184183
184304
184183
184304
184183
184304
184183
184304
184183
184304
184183
184304
184183
184663
184300
184309
184165
184299
184369
184364
184627
184364
184367
184299
184661
184653
184627
184293
184181
184306
184269
184267
184182
184271
184638
184301
184638
184301
184352
184264
184270
184264
184352
184368
184175
184351
184352
184285
184351
184294
184352
184264
184294
184648
184658
184169
184359
184170
184251
184654
184251
184654
184170
184654
184251
184170
184251
184355
184165
184176
184273
184364
184365
184367
184364
184176
184365
184364
184365
184176
184627
184357
184273
184653
184357
184367
184365
184257
184258
184303
184275
184372
184185
184372
184184
184185
184372
184167
184184
184656
184363
184656
184652
184656
184666
184657
184292
184657
184642
184308
184289
184371
184641
184266
184289
184266
184289
184255
184266
184255
184266
184301
184649
184638
184301
184649
184271
184158
184306
184269
184171
184269
184171
184306
184658
184648
184293
184181
184179
184665
184257
184258
184641
184266
184289
184371
184289
184371
184641
184266
184169
184654
184251
184359
184251
184165
184299
184355
184369
184365
184355
184653
184367
184182
184656
184363
184656
184302
184363
184249
184638
184301
184638
184249
184638
184249
184271
184638
184267
184163
184303
184372
184303
184185
184167
184184
184167
184264
184270
184368
184294
184264
184368
184651
184285
184175
184352
184270
184368
184651
184294
184264
184352
184368
184664
184357
184165
184357
184299
184367
184357
184369
184627
184355
184273
184176
184165
184367
184266
184255
184266
184371
184185
184362
184657
184292
184308
184642
184308
184642
184308
184306
184171
184269
184171
184269
184306
184648
184655
184158
184291
184625
184257
184170
184359
184251
184182
184169
184365
184357
184355
184176
184638
184301
184638
184649
184249
184638
184641
184266
184641
184371
184641
184256
184266
184163
184275
184163
184275
184163
184372
184635
184275
184167
184185
184184
184167
184185
184184
184167
184363
184656
184276
184293
184181
184293
184270
184175
184294
184285
184175
184651
184175
184294
184270
184176
184364
184176
184165
184355
184357
184369
184176
184165
184299
184165
184369
184299
184365
184299
184364
184369
184306
184269
184171
184646
184290
184646
184290
184253
184290
184665
184658
184276
184293
184181
184657
184175
184352
184294
184264
184352
184270
184359
184170
184654
184251
184170
184363
184656
184257
184169
184272
184371
184641
184655
184158
184655
184158
184267
184648
184664
184308
184642
184308
184642
184308
184301
184271
184649
184301
184364
184367
184165
184653
184369
184355
184357
184369
184299
184273
184627
184369
184165
184355
184369
184365
184367
184355
184367
184357
184364
184273
184299
184364
184273
184627
184303
184163
184635
184303
184163
184303
184167
184184
184167
184652
184363
184666
184302
184656
184352
184175
184294
184175
184294
184368
184264
184296
184660
184371
184641
184255
184256
184255
184293
184181
184179
184362
184257
184258
184647
184268
184647
184268
184647
184268
184647
184268
184647
184268
184647
184268
184647
184268
184647
184268
184647
184179
184293
184276
184293
184276
184285
184270
184352
184264
184651
184270
184651
184270
184294
184270
184651
184351
184264
184175
184368
184182
184169
184272
184169
184665
184641
184289
184266
184289
184371
184256
184255
184266
184255
184627
184653
184365
184364
184355
184653
184364
184638
184301
184649
184301
184251
184654
184251
184170
184359
184251
184170
184174
184359
184163
184372
184163
184275
184635
184372
184184
184185
184184
184163
184184
184267
184306
184171
184269
184306
184369
184176
184627
184165
184299
184365
184176
184653
184273
184165
184365
184627
184273
184165
184355
184273
184657
184158
184655
184158
184266
184184
184167
184642
184308
184642
184179
184257
184258
184658
184363
184666
184653
184273
184299
184364
184273
184176
184299
184653
184367
184273
184369
184165
184625
184267
184371
184641
184371
184266
184255
184251
184654
184251
184654
184649
184271
184649
184271
184264
184270
184352
184175
184368
184352
184264
184651
184270
184368
184285
184294
184368
184175
184275
184635
184372
184275
184163
184372
184275
184303
184635
184163
184635
184303
184275
184167
184184
184167
184269
184171
184269
184171
184306
184176
184299
184364
184365
184653
184367
184661
184653
184273
184653
184355
184653
184364
184273
184365
184165
184653
184293
184181
184179
184181
184185
184184
184167
184291
184261
184258
184257
184258
184648
184293
184181
184308
184642
184657
184292
184657
184289
184371
184158
184655
184158
184365
184355
184367
184299
184182
184654
184359
184654
184170
184654
184170
184251
184654
184638
184649
184301
184638
184271
184169
184272
184169
184269
184171
184269
184306
184363
184656
184363
184656
184267
184635
184275
184635
184275
184635
184372
184303
184163
184167
184184
184185
184167
184184
184185
184167
184270
184351
184285
184352
184264
184294
184352
184651
184352
184651
184175
184285
184264
184368
184627
184176
184653
184627
184367
184653
184176
184357
184369
184367
184357
184367
184355
184369
184165
184273
184176
184289
184371
184641
184371
184255
184371
184255
184181
184276
184348
184650
184348
184650
184348
184650
184348
184650
184348
184650
184348
184300
184665
184253
184173
184253
184290
184253
184290
184173
184290
184664
184183
184370
184183
184370
184304
184370
184183
184304
184370
184650
184348
184650
184663
184172
184296
184183
184370
184304
184652
184656
184302
184652
184666
184648
