225.746
66.0453
6.50574
1.95449
197.991
56.3496
4.47151
1.45233
122.846
37.0955
2.56057
0.976214
75.6624
27.7004
1.54249
0.714371
47.158
17.5326
1.01049
0.508499
27.8457
11.6509
0.638576
0.352099
17.8478
8.44695
0.447897
0.274858
12.5888
5.82997
0.352347
0.212206
8.04037
4.2887
0.250649
0.172762
4.69246
2.71352
0.184438
0.12629
3.02712
1.77461
0.135861
0.0930858
1.60388
1.47229
0.0912869
0.0888772
223.354
63.1756
3.91785
1.18187
167.794
47.9502
2.61292
0.832779
110.726
34.1082
1.57037
0.578149
66.869
23.2729
0.896292
0.403104
41.4646
15.6193
0.563336
0.292436
25.1359
10.2365
0.371213
0.211776
15.2319
7.03821
0.259777
0.16985
9.89444
4.73889
0.196463
0.13045
6.01522
3.24727
0.148253
0.105032
4.0171
2.27271
0.121065
0.0877994
2.55371
1.64794
0.0924777
0.0727054
1.63802
1.24034
0.0701787
0.0637178
200.015
51.2193
3.23092
0.970576
149.016
40.1669
2.13112
0.708062
95.627
28.1256
1.1979
0.478747
58.6009
18.6553
0.715806
0.33638
35.8769
12.2014
0.473163
0.244299
21.2163
7.69028
0.320322
0.183825
13.0162
5.37279
0.23534
0.147797
8.08246
3.41264
0.183734
0.110776
5.02637
2.64692
0.139092
0.102492
3.24509
1.68227
0.1087
0.0790966
2.14133
1.23754
0.0858491
0.0668024
1.3081
0.789796
0.0632153
0.0523115
170.798
39.2103
2.49913
0.899528
124.217
29.8912
1.69577
0.644846
77.6183
21.3894
1.0304
0.462512
48.9907
14.2411
0.651954
0.318161
29.3175
8.63803
0.429776
0.225248
16.845
5.54282
0.30089
0.168184
10.0808
3.42612
0.218998
0.130507
5.73184
2.64196
0.153686
0.106616
3.80893
1.65432
0.123771
0.0829256
2.32491
1.1742
0.0916372
0.0685342
1.44323
0.839055
0.0742459
0.0604931
1.03231
0.671476
0.0641314
0.0538103
140.749
23.161
2.33058
0.919338
88.3465
19.1468
1.66595
0.730935
59.8503
13.1985
1.19122
0.527181
36.2243
7.72704
0.751834
0.347054
20.4895
4.63538
0.503818
0.249927
13.1415
3.56581
0.382114
0.196558
6.0873
2.15218
0.238953
0.145673
3.76529
1.57657
0.176064
0.113188
2.23796
0.862076
0.125846
0.0782747
1.63383
0.728017
0.116553
0.070935
0.835012
0.470289
0.0828336
0.0592441
0.621803
0.27752
0.0710557
0.0409118
