227.486
66.7808
6.58222
1.99781
199.341
56.2775
4.53583
1.48227
125
37.0459
2.65005
0.995326
77.8008
28.2063
1.59487
0.737885
47.4537
17.3474
1.01988
0.5099
27.8705
11.6891
0.644888
0.35557
17.8236
8.72868
0.452394
0.282317
12.5932
5.91503
0.353412
0.213512
8.12169
4.31504
0.255152
0.173556
4.91339
2.76777
0.193741
0.130927
3.02782
1.79278
0.138116
0.0949678
1.78754
1.41246
0.0979141
0.0909788
234.121
60.6724
4.10554
1.22628
168.371
47.6262
2.62584
0.841378
110.952
33.9422
1.58366
0.584578
67.0746
23.295
0.909858
0.409857
41.4036
15.5437
0.568972
0.295763
25.6863
10.1302
0.38107
0.213296
15.4155
6.9895
0.265154
0.170924
9.92308
4.68599
0.198801
0.13196
6.04179
3.20432
0.148266
0.10425
4.03452
2.28628
0.120834
0.0881733
2.583
1.6434
0.0936223
0.0734178
1.62271
1.2546
0.0708326
0.0644874
202.493
49.5886
3.39254
1.01585
151.253
38.6432
2.24175
0.747029
95.95
27.6353
1.29769
0.507984
58.7377
18.7152
0.723014
0.343706
36.0786
12.1764
0.480074
0.247232
21.1509
7.73129
0.323992
0.186784
12.8787
5.4461
0.236942
0.15026
8.05163
3.42564
0.182175
0.109818
5.05996
2.65616
0.141079
0.103933
3.24256
1.69804
0.110223
0.0805616
2.18804
1.24171
0.0879122
0.0678052
1.3572
0.787527
0.0669616
0.0537694
171.626
39.1139
2.58587
0.909293
126.397
29.1776
1.79628
0.666043
77.7184
21.4329
1.11886
0.472567
49.2194
14.2513
0.660002
0.324091
29.5956
8.72976
0.436276
0.22925
16.76
5.63309
0.302664
0.17162
10.0389
3.51846
0.220698
0.130331
5.96778
2.5331
0.162428
0.108194
3.94846
1.63215
0.128065
0.0845858
2.49249
1.15816
0.0984427
0.0716636
1.4816
0.847719
0.0782323
0.0628208
1.07864
0.66191
0.0680993
0.0551579
141.961
22.7927
2.36416
0.935373
89.1297
19.3671
1.7009
0.742446
60.9642
13.3252
1.22239
0.537523
36.047
7.94051
0.767502
0.355367
20.6283
4.81331
0.51245
0.250222
13.2324
3.47607
0.387165
0.199462
6.1704
2.15842
0.24289
0.148443
3.98869
1.51875
0.189134
0.114382
2.36411
0.824774
0.135718
0.0810803
1.75442
0.709266
0.125039
0.0750789
0.820562
0.445444
0.0793276
0.0574142
0.589066
0.27125
0.0686182
0.0407348
