1615.94
255.939
2.92138
1.18323
997.616
179.722
1.77682
0.769689
534.328
114.372
1.01157
0.49317
292.86
69.3653
0.616681
0.313006
159.207
43.3435
0.385347
0.210083
88.9177
29.1497
0.254691
0.156526
54.3168
18.6335
0.186858
0.11297
32.7649
12.8898
0.136984
0.0889437
18.8906
8.5792
0.0954285
0.0676327
12.8305
6.11772
0.078052
0.0548763
7.82944
4.63014
0.0578104
0.0469202
5.04278
3.25136
0.0444242
0.0379059
1751.08
267.941
1.97593
0.780161
1091.45
190.419
1.20226
0.508514
625.856
122.921
0.732777
0.33122
345.512
78.8618
0.466206
0.231699
189.414
49.5412
0.310531
0.165743
103.811
30.5856
0.212705
0.119757
60.6957
20.4748
0.156661
0.0942895
34.9135
13.2715
0.113305
0.0724792
20.7098
9.72238
0.0840742
0.062451
12.7495
6.33849
0.0647967
0.0481235
8.06292
4.62293
0.0505146
0.0410793
5.27199
3.32542
0.040477
0.0344435
1528.01
214.046
1.64813
0.621978
971.67
157.319
1.02009
0.418391
545.815
102.873
0.626857
0.283597
290.328
62.4731
0.398398
0.194351
158.962
39.0718
0.273264
0.141834
86.2177
24.3237
0.189952
0.106202
48.7259
15.7052
0.137808
0.0829718
29.0501
10.5307
0.10467
0.0664992
16.4894
6.83967
0.0757173
0.0517943
10.317
4.50429
0.0598076
0.04086
6.50194
3.05424
0.046933
0.0334384
4.20779
2.28181
0.0371065
0.028952
1285.38
165.287
1.51639
0.584815
754.964
121.6
0.907575
0.401363
441.511
74.774
0.591501
0.256883
232.28
44.6719
0.377114
0.174653
121.256
27.9885
0.249124
0.129568
66.8469
17.7969
0.177043
0.0991399
36.7361
10.334
0.126164
0.0698535
21.1496
7.16074
0.0933233
0.0591466
12.6446
4.46723
0.0714768
0.0448838
7.41572
3.11062
0.0540263
0.0378849
4.51335
2.09837
0.0412161
0.0308078
2.7845
1.38973
0.031895
0.0250609
988.834
106.497
1.73303
0.63142
569.867
75.3169
1.09825
0.439123
296.619
45.5205
0.660343
0.284205
159.642
27.9598
0.431193
0.196858
83.9029
16.6576
0.283364
0.13584
46.3163
10.2615
0.198898
0.0989332
23.9553
6.41798
0.133935
0.0772685
13.7938
4.30015
0.100165
0.0628483
7.95402
2.5407
0.0734821
0.0457006
4.65374
1.38386
0.0553548
0.0297853
2.5542
1.10484
0.0387804
0.0288687
1.59302
0.651375
0.0311148
0.0209787
