1697
1069
656
369
210.3
107.3
61.7
37.6
23.9
15.6
9.2
5.8
1612
1055
586
342
180.3
96.7
56.8
34.6
19.5
12.7
7.2
5.8
1470
930
531
293
156.1
85.8
48.8
26.6
17.0
11.0
6.8
3.9
1272
801
444
234
119.6
65.0
36.4
20.9
12.1
6.4
4.4
2.1
1046
649
329
169
87.3
44.6
23.8
13.3
7.4
4.3
3.1
2.7
275.6
204.3
137.3
84.9
56.2
36.3
21.5
15.7
10.1
8.0
5.3
4.5
233.4
174.8
120.0
76.3
48.2
28.9
19.6
12.3
9.0
6.3
4.2
3.5
211.3
150.6
96.0
59.8
38.3
23.3
15.2
9.9
7.6
4.4
3.4
2.0
176.3
118.9
79.4
43.5
28.8
17.4
10.0
8.1
4.4
3.0
1.8
1.5
118.7
86.6
52.7
28.2
17.8
9.5
5.3
4.9
2.9
2.5
1.6
0.5
16
11
7
5
3.3
2.1
1.5
1. 1
0.9
0.7
0.5
0.4
10
7
5
3
2.1
1.5
1.1
0.9
0.6
0.5
0.4
0.4
9
6
4
3
1.9
1.4
1.0
0.7
0.6
0.5
0.4
0.3
8
6
4
3
1.7
1.3
0.9
0.7
0.5
0.3
0.3
0.2
10
8
5
3
2.1
1.4
1.0
0.7
0.5
0.4
0.3
0.3
5.8
4.6
3.3
2.3
1.7
1.3
0.9
0.7
0.6
0.5
0.4
0.4
3.4
2.7
2.0
1.5
1.1
0.8
0.7
0.5
0.5
0.4
0.3
0.3
3.1
2.3
1.7
1.3
1.0
0.7
0.6
0.5
0.4
0.3
0.3
0.2
3.0
2.3
1.7
1.2
0.9
0.7
0.5
0.5
0.3
0.3
0.2
0.2
3.6
3.0
2.1
1.4
1.0
0.7
0.5
0.5
0.3
0.3
0.3
0.1
